10.000000 10.000000 10.000000 10.000000 10.000000 10.000000 10.000000 10.000000 10.000000 10.000000 
10.000000 6.875000 5.546875 5.058594 4.892578 4.838867 4.822083 5.441971 7.419605 10.000000 
10.000000 5.546875 3.437500 2.583008 2.265625 2.154236 2.116699 3.041935 6.028452 10.000000 
10.000000 5.058594 2.583008 1.520996 1.103210 0.948029 0.892754 1.928382 5.350386 10.000000 
10.000000 4.892578 2.265625 1.103210 0.629883 0.447464 0.379944 1.449481 5.043067 10.000000 
10.000000 4.838867 2.154236 0.948029 0.447464 0.250225 0.175388 1.253779 4.911101 10.000000 
10.000000 4.822083 2.116699 0.892754 0.379944 0.175388 0.096617 1.176720 4.856735 10.000000 
10.000000 5.441971 3.041935 1.928382 1.449481 1.253779 1.176720 2.257920 5.946054 10.000000 
10.000000 7.419605 6.028452 5.350386 5.043067 4.911102 4.856736 5.946054 7.973027 10.000000 
10.000000 10.000000 10.000000 10.000000 10.000000 10.000000 10.000000 10.000000 10.000000 10.000000 
